2.5 3.4     2.5 6.4     6.5 3.4
-3.8 1.2    -2.3 3.2    -0.8 1.2
0 0         2.5 4.33    5 0
2.25 2.25   4.1
-10 -12     -5 -7.5     -2 -12
8.3 -15     10.5 -11.1  17.6 -16.2
-3 -3       -3 3.2      1.8 -3
1.0 53      89 74       12.7 45
1 8         45.3 7      15.7 78.3
9.0 45.s    6 4         8 7.3

9.0 45.3    0.8 15      13.2 7
7.6 13.2    s4.8 12     48 9
7 13.5      12.3
75 53       89 74       12.7 45     18
3 2         0 0.0       7 5.0
-3.0 7.0    -1.2 13.76  0.6 7.0
3.5 -20     11 -7.01    18.5 -20
3.0 8.0     8.8 16.0    18.0 8.8
-15.83 10.2 -11.0 11    -7.83 10.2
14..8 1.0   3.2 8.0     12.4 11
12.1
-3.2 -4.8   -3.2 6.2    4.8 -4.8
-5 -10      -4.2 -3     -2.1 -7.8